<?xml version="1.0"?>
<opencv_storage>
<DefaultPeopleDetector type_id="opencv-object-detector-hog">
  <winSize>
    64 128</winSize>
  <blockSize>
    16 16</blockSize>
  <blockStride>
    8 8</blockStride>
  <cellSize>
    8 8</cellSize>
  <nbins>9</nbins>
  <derivAperture>1</derivAperture>
  <winSigma>4.</winSigma>
  <histogramNormType>0</histogramNormType>
  <L2HysThreshold>2.0000000000000001e-01</L2HysThreshold>
  <gammaCorrection>1</gammaCorrection>
  <nlevels>64</nlevels>
  <signedGradient>0</signedGradient>
  <SVMDetector>
    5.35938591e-02 -1.47214547e-01 -5.53217009e-02 5.07730693e-02
    1.15470812e-01 -4.26880382e-02 4.63583395e-02 -5.46819903e-02
    8.23208392e-02 1.04240678e-01 -2.29451805e-02 1.10851899e-02
    1.37869297e-02 1.11935101e-01 1.26841804e-02 8.52834582e-02
    -6.30923882e-02 1.30546331e-01 8.10072869e-02 -5.20973913e-02
    -4.31552902e-02 9.34138373e-02 1.10350259e-01 -7.59621784e-02
    -5.51751107e-02 -4.46529612e-02 2.94733401e-02 4.55553606e-02
    -3.55954492e-03 7.81895593e-02 7.73099065e-02 7.89071470e-02
    6.22289293e-02 9.00138021e-02 -3.57438102e-02 3.41432691e-02
    5.67725785e-02 -4.77358103e-02 3.74663696e-02 -3.52117494e-02
    6.95544034e-02 -3.84903811e-02 1.05229300e-02 1.73611194e-02
    1.08677097e-01 8.74885321e-02 3.29739624e-03 1.09070279e-01
    7.91375786e-02 1.03930697e-01 2.09186692e-02 1.15940221e-01
    1.31824195e-01 9.87935364e-02 5.36270998e-02 -6.74539134e-02
    -7.01260753e-03 5.24702156e-03 3.23625505e-02 1.40791601e-02
    2.20798291e-02 2.53732204e-02 4.54794802e-02 7.20075592e-02
    3.12989391e-02 -6.27446771e-02 2.10701395e-02 6.03520796e-02
    8.63623619e-02 4.53164103e-03 2.19336301e-02 2.30980106e-02
    5.56816608e-02 -2.64509302e-02 4.44869511e-02 2.83751898e-02
    8.97569433e-02 4.46151607e-02 8.97535533e-02 7.51439109e-02
    2.30698194e-02 1.04100838e-01 6.36838526e-02 5.94346412e-02
    4.58420580e-03 5.22033684e-02 6.67585135e-02 8.35856870e-02
    6.71210065e-02 6.55900389e-02 -3.93048190e-02 -9.15936660e-03
    -5.89791499e-02 2.81645302e-02 5.03234789e-02 6.78067133e-02
    3.37764993e-02 -6.09417039e-04 -1.79514606e-02 -3.08368392e-02
    -1.30247502e-02 -2.97231302e-02 7.88706727e-03 -3.52596082e-02
    -2.50397739e-03 5.24508394e-02 1.17912933e-01 -2.16749795e-02
    5.29933199e-02 6.64052367e-02 5.19026518e-02 -8.27316567e-03
    3.03312708e-02 5.84217310e-02 -4.01050318e-03 -6.25105947e-03
    5.86295798e-02 -2.46546101e-02 5.54678105e-02 -8.22819471e-02
    -7.23402798e-02 4.64054011e-02 -1.30825397e-02 -2.50619091e-02
    3.10074594e-02 -4.66565117e-02 -4.59148586e-02 2.94992700e-02
    6.03546202e-02 2.24464592e-02 -1.69863906e-02 1.04004098e-02
    1.13116996e-02 5.41957915e-02 -2.13027708e-02 -4.32172194e-02
    -3.66519801e-02 1.12648997e-02 -2.60648802e-02 -2.22832803e-02
    -2.25568004e-02 -3.42723615e-02 -7.75165204e-03 -6.19522892e-02
    8.21638294e-03 9.53597501e-02 -3.70997898e-02 -6.94250092e-02
    1.45794272e-01 -5.44819199e-02 -2.05590408e-02 5.74735701e-02
    2.78178807e-02 -7.07757697e-02 -5.17831407e-02 -1.04290113e-01
    -1.12355053e-01 7.52903894e-02 -7.55930170e-02 -8.78673866e-02
    2.98384298e-02 2.66758502e-02 1.38219902e-02 -1.79749597e-02
    -3.14119905e-02 -2.09810100e-02 9.02920365e-02 4.95501794e-02
    1.37187392e-01 1.13799527e-01 1.80019124e-03 -4.57760990e-02
    -1.11108483e-03 -9.47053581e-02 -1.15960799e-01 4.48934212e-02
    1.78421102e-02 3.06850672e-03 1.07818663e-01 3.36498418e-03
    -1.08425803e-01 -7.43683875e-02 -1.05350703e-01 -1.86680499e-02
    1.60578907e-01 -5.07316366e-03 -4.29565795e-02 -5.90488780e-03
    8.82003549e-03 -1.49264596e-02 -5.02927899e-02 -1.28758803e-01
    8.78831954e-04 -1.29718399e-02 -7.59277418e-02 -2.66883094e-02
    -6.93787413e-04 2.40669809e-02 -1.77329797e-02 -3.85574512e-02
    -5.87785617e-02 3.25969495e-02 1.28265843e-01 6.29258975e-02
    -4.10733931e-03 1.09965310e-01 1.33299101e-02 2.08873507e-02
    4.03750390e-02 -5.21075986e-02 7.76004568e-02 6.39934689e-02
    -5.75193018e-02 -1.00530572e-01 7.50502273e-02 -2.13978197e-02
    1.79617591e-02 2.34400877e-03 -4.20831889e-02 7.35505521e-02
    5.09334989e-02 -2.99677998e-02 -2.21907198e-02 3.35532986e-02
    4.41874191e-02 -5.58070503e-02 -5.03757298e-02 -4.54817899e-02
    1.37951402e-02 2.15067100e-02 -2.19421107e-02 -1.36827022e-01
    5.46497218e-02 1.60808191e-02 5.30911610e-02 4.70102206e-02
    1.33690401e-03 7.57566392e-02 9.62530598e-02 8.92647635e-03
    -2.81912293e-02 1.08668298e-01 -3.43932509e-02 -7.09237084e-02
    -6.00478016e-02 -2.71229800e-02 -7.07467366e-03 -1.63701996e-02
    1.33678997e-02 -1.03136063e-01 4.90658209e-02 -5.73244505e-02
    -2.73107905e-02 1.04223499e-02 -8.34066793e-02 3.68650109e-02
    6.10833988e-02 1.32274805e-02 -7.80952871e-02 3.77472416e-02
    -3.41324806e-02 -6.09652512e-02 -4.21212390e-02 -7.98217580e-02
    -1.25973229e-03 -3.04550100e-02 -1.23649295e-02 -6.31239489e-02
    4.78956997e-02 -4.60206605e-02 8.57656971e-02 2.52107996e-02
    2.98809800e-02 1.03145830e-01 7.06003532e-02 4.52054404e-02
    -4.42665406e-02 1.31465301e-01 8.38648975e-02 2.16458999e-02
    -2.12280243e-03 -3.68635282e-02 -2.07494404e-02 -3.82995903e-02
    -1.53059596e-02 2.68970802e-02 1.18674010e-01 -6.04346991e-02
    -2.78502293e-02 -4.77507412e-02 4.87874486e-02 6.35095611e-02
    3.49478796e-02 1.46740004e-02 1.17890188e-03 4.37961407e-02
    2.03681854e-03 -3.95860896e-02 -1.07268803e-02 6.43705716e-03
    2.99650002e-02 -3.41850705e-02 -1.96030699e-02 -1.21915396e-02
    -4.37000440e-03 -2.54945308e-02 2.64631808e-02 -1.63251292e-02
    6.46516960e-03 -1.92973409e-02 4.78711911e-03 4.96237092e-02
    3.80911082e-02 7.26572424e-02 5.75812496e-02 -3.74155417e-02
    1.64860804e-02 -8.45285598e-03 3.99682596e-02 -8.18547681e-02
    2.63887495e-02 -4.02661487e-02 -2.74467394e-02 -4.07151692e-02
    1.05096330e-03 -4.74123210e-02 -6.73317164e-02 8.70434940e-03
    -2.19254307e-02 1.35350740e-03 -3.05697396e-02 -2.97552105e-02
    -2.88778003e-02 -1.21071301e-02 -4.82852608e-02 -9.06625092e-02
    -9.96962935e-02 -3.66516411e-02 -8.88111943e-04 -6.82666898e-02
    -1.86615009e-02 -3.62764001e-02 -1.40828798e-02 1.87423900e-02
    -2.07583494e-02 9.14517492e-02 -3.54729109e-02 5.39678000e-02
    4.19898108e-02 1.30192498e-02 -3.38435397e-02 -1.22019760e-01
    6.83092028e-02 -3.71565409e-02 9.55848210e-03 5.05685573e-03
    5.65929413e-02 3.90764466e-03 2.80849002e-02 -5.51809706e-02
    -3.71162109e-02 -2.83556506e-02 -4.42046411e-02 -1.03194704e-02
    1.88346598e-02 -8.49525444e-03 -9.41924974e-02 -1.26938699e-02
    -2.13337094e-02 -1.01908147e-01 -7.84443021e-02 2.43644323e-03
    -4.09610150e-03 1.20255100e-02 -6.45229071e-02 -1.05938181e-01
    -2.46474594e-02 -2.19969898e-02 -7.40192980e-02 7.28588626e-02
    8.87513801e-04 9.97662079e-03 8.46779719e-03 3.73033285e-02
    -2.90512592e-02 3.57333682e-02 -4.39368896e-02 -1.20144717e-01
    3.17655392e-02 -2.76015815e-03 1.08245663e-01 5.09073213e-02
    -3.30179278e-03 -5.12382202e-02 5.04784798e-03 -5.66412397e-02
    -5.99415926e-03 -5.34190089e-02 -1.22139296e-02 1.29131796e-02
    9.91760660e-03 -7.56987557e-03 -6.19312413e-02 -2.24549137e-03
    1.98756196e-02 -2.01884005e-02 -6.97553977e-02 -6.60152286e-02
    -3.34911197e-02 -8.91011804e-02 -3.37143503e-02 -7.40689263e-02
    -2.24804692e-02 -6.15995117e-02 2.77751544e-03 -5.72333708e-02
    -4.79246788e-02 7.51854777e-02 2.77279224e-03 4.21193801e-02
    3.10050193e-02 5.27844802e-02 3.95467915e-02 -3.00684609e-02
    -3.85174118e-02 -2.79240292e-02 -2.87533309e-02 1.53128002e-02
    2.18695309e-02 -1.98982898e-02 2.50679464e-03 -1.02587283e-01
    -4.78574298e-02 -2.88721602e-02 3.85063468e-03 1.11223599e-02
    8.29218887e-03 -4.82298099e-02 -4.50359695e-02 -3.71310003e-02
    -6.98800832e-02 -1.10022947e-01 -2.69209221e-03 1.85383670e-03
