%YAML:1.0
---
my_detector: !!opencv-object-detector-hog
   winSize: [ 64, 64 ]
   blockSize: [ 16, 16 ]
   blockStride: [ 8, 8 ]
   cellSize: [ 8, 8 ]
   nbins: 9
   derivAperture: 1
   winSigma: 4.
   histogramNormType: 0
   L2HysThreshold: 2.0000000000000001e-01
   gammaCorrection: 1
   nlevels: 64
   signedGradient: 0
   SVMDetector: [ -5.66778891e-03, -1.36992696e-03, 6.42123632e-03,
       1.23221509e-03, -4.51880042e-03, -7.53183104e-03, -1.08248489e-02,
       -6.75408170e-03, -7.43320631e-03, 1.55820313e-03, 2.16766205e-02,
       2.09841505e-02, 8.05935822e-03, -5.55405812e-03, -6.42218860e-03,
       -1.05019910e-02, -1.17914192e-02, -9.34452284e-03,
       -6.71135308e-03, 8.71791597e-03, 1.78355016e-02, 1.70591921e-02,
       2.75706640e-03, -5.27977431e-03, -1.63309053e-02, -1.17732733e-02,
       -1.04417391e-02, -4.54358337e-03, 2.73168460e-02, 2.79842131e-02,
       1.97307058e-02, -2.24077213e-03, -7.73194153e-03, -1.74427815e-02,
       -2.00069584e-02, -1.56071829e-02, 8.76958948e-03, 2.64094714e-02,
       2.20929515e-02, 2.81878165e-03, -1.15277637e-02, -7.29374588e-03,
       -1.43981520e-02, -1.22578079e-02, -6.17463933e-03, 1.81731433e-02,
       3.56867537e-02, 2.18557697e-02, 1.36914069e-03, -1.84055176e-02,
       -1.46532673e-02, -1.55006042e-02, -1.26585653e-02,
       -2.48310552e-03, -3.74110253e-03, 2.68729813e-02, 2.75385715e-02,
       1.58238516e-03, -1.49452128e-02, -1.84210297e-02, -2.22540982e-02,
       -2.34218966e-02, -1.70983672e-02, 5.14721591e-03, 2.34494098e-02,
       1.32820504e-02, -6.13924628e-03, -2.53542867e-02, -2.38896906e-02,
       -2.66327597e-02, -2.58323606e-02, -2.02723276e-02, 3.13008539e-02,
       3.67041603e-02, 1.57435238e-02, 3.34975892e-03, -1.60587002e-02,
       -1.04390951e-02, -8.24665837e-03, -7.08249491e-03, 3.95902013e-03,
       1.99170318e-02, 1.97489187e-02, 1.38501334e-03, -6.35215780e-04,
       -1.75572615e-02, -1.22861536e-02, -1.05798552e-02,
       -6.32754574e-03, 2.72745336e-03, 3.57511034e-03, 1.96994059e-02,
       2.17956747e-03, -5.84705686e-03, -2.09339354e-02, -1.82879027e-02,
       -1.74542516e-02, -1.50951445e-02, -1.60347018e-02,
       -1.24494126e-02, -6.77454798e-03, -9.13504884e-03,
       -1.17875040e-02, -2.55521033e-02, -1.26538584e-02,
       -1.18422918e-02, -1.32546863e-02, -1.48298834e-02, 2.65258607e-02,
       1.81473270e-02, -5.00632508e-04, 1.78101519e-03, -1.21432282e-02,
       -9.05490201e-03, -5.53656975e-03, 1.50575198e-03, 1.92508455e-02,
       1.97656043e-02, -4.56438540e-03, -7.31806923e-03, 5.71759301e-04,
       -1.01163471e-02, -7.29538826e-03, -8.58056999e-04, 1.28464857e-02,
       3.07950452e-02, -7.48837087e-03, -7.19812885e-03, -6.61538122e-03,
       -7.06195598e-03, -2.14218888e-02, -7.29127973e-03,
       -5.68172848e-03, -5.34318108e-03, -6.83936710e-03,
       -1.46231791e-02, -1.65521223e-02, -1.45129263e-02,
       -1.02983331e-02, -2.14835312e-02, -8.19616020e-03,
       -9.04662069e-03, -1.42154866e-03, -3.33045563e-03, 1.02557745e-02,
       -8.24661367e-03, -8.78585968e-03, -5.25654713e-03,
       -1.19774146e-02, -3.40496132e-04, 7.36037269e-03, 2.37907264e-02,
       2.47445311e-02, 9.73935332e-03, -1.56376604e-03, -1.38815697e-02,
       -1.83309000e-02, -1.70997232e-02, 6.64727623e-03, 2.31574383e-02,
       3.50939259e-02, 2.92623974e-02, -1.24784131e-02, -1.45175196e-02,
       -1.59831867e-02, -1.31443478e-02, -2.32345127e-02,
       -7.20102992e-03, -9.70657263e-03, 2.67989398e-03, -1.60910524e-04,
       -1.23906024e-02, -1.13014309e-02, -1.73237212e-02,
       -1.84449647e-02, -2.32193265e-02, 7.39726704e-04, 6.86408766e-03,
       1.60171669e-02, 4.34004469e-03, -1.48938107e-03, -4.24171984e-03,
       -1.25148017e-02, -1.33595653e-02, -1.73989106e-02, 2.83896714e-03,
       1.89931039e-02, 2.46496126e-02, 1.64679103e-02, -7.39073893e-03,
       -1.23194549e-02, -1.56153096e-02, -9.33634769e-03,
       -2.28988044e-02, 4.53819567e-03, 2.25687213e-02, 1.69608407e-02,
       7.01013720e-03, -1.38705317e-02, -1.21985925e-02, -1.64899975e-02,
       -1.37513438e-02, -2.04314254e-02, 3.80739744e-04, 1.48939658e-02,
       1.53472722e-02, -3.79583472e-03, -1.45951118e-02, -1.75119024e-02,
       -1.93343144e-02, -1.27427671e-02, -2.24765893e-02, 9.40865278e-03,
       1.76113211e-02, 1.29717337e-02, -2.72866944e-03, -5.37708448e-03,
       -4.67199320e-03, -4.58614528e-03, -5.98383462e-03,
       -1.50156925e-02, 6.15233742e-03, 1.52566312e-02, 1.13857053e-02,
       9.45340784e-04, -9.66411177e-03, -4.01014043e-03, -3.21130571e-03,
       -4.71693417e-03, -7.52603961e-03, 3.06184543e-03, -1.60730374e-03,
       -3.24961310e-03, -3.60510312e-03, -1.00653553e-02,
       -1.09164007e-02, -5.97615028e-03, -4.83483635e-03,
       -1.29011916e-02, 1.69901680e-02, 1.61670670e-02, 1.06565775e-02,
       -1.66021741e-03, -1.24969305e-02, -6.82965899e-03,
       -1.22714217e-03, -3.80530395e-03, -1.03474166e-02, 1.02274800e-02,
       8.61371309e-03, 6.73826318e-03, -7.91972131e-03, -9.55432374e-03,
       8.94409698e-03, 2.35320628e-02, 2.86295488e-02, -6.65920903e-04,
       -1.40987122e-02, -1.65376794e-02, -1.31367445e-02,
       -1.30398534e-02, -1.14539852e-02, 2.65628230e-02, 3.74594852e-02,
       2.22695023e-02, -9.96886753e-03, -1.18544856e-02, -2.05302350e-02,
       -1.80077311e-02, -1.94946453e-02, -1.44843375e-02,
       -1.97338616e-03, 2.63487417e-02, 3.26192118e-02, -5.11265220e-03,
       -1.84458867e-02, -1.97131168e-02, -1.34381261e-02,
       -1.51480846e-02, -1.99257731e-02, 7.13519519e-03, 2.86165122e-02,
       1.88692696e-02, -2.04134788e-02, -1.77346878e-02, -2.48275734e-02,
       -1.93482395e-02, -2.73055788e-02, 6.57624938e-03, 4.79023866e-02,
       4.80006896e-02, 1.88597497e-02, -9.67217982e-03, -1.10495621e-02,
       -1.59951504e-02, -1.34086050e-02, -9.90103092e-03, 5.16293431e-03,
       2.82172393e-02, 1.57793313e-02, -1.88803347e-03, -1.72555465e-02,
       -1.70064606e-02, -2.24235542e-02, -2.03362685e-02,
       -1.11709442e-02, -1.65477246e-02, 1.80535018e-02, 2.61399057e-02,
       1.01965042e-02, -1.58099327e-02, -1.47735719e-02, -1.71015225e-02,
       -1.63773764e-02, -2.30438001e-02, -1.50964158e-02,
       -8.60408321e-03, -6.04521297e-03, -6.81587402e-03,
       -1.81119125e-02, -1.57776922e-02, -2.61345934e-02,
       -1.97000504e-02, -1.59869771e-02, 1.19806780e-02, 2.03386527e-02,
       9.85445455e-03, 4.24540089e-03, -8.70623626e-03, -9.60633066e-03,
       -1.10863922e-02, -4.67914296e-03, 1.14282849e-03, 1.83514063e-03,
       3.30577325e-03, -5.73580246e-03, -1.81280344e-03, -6.16526790e-03,
       -3.37232748e-04, -2.71775248e-03, 5.56778442e-03, 5.09897014e-03,
       -9.36354697e-03, -9.37377941e-03, -5.55758271e-03, 4.76220448e-04,
       -4.78319312e-03, -6.64943084e-03, -1.94407254e-02,
       -1.02995150e-02, -6.91908272e-03, -1.59723908e-02,
       -1.31450798e-02, -1.22994930e-02, -3.59726109e-04,
       -4.88486781e-04, -5.82571316e-04, -1.09740086e-02,
       -4.40622587e-03, -9.15647950e-03, 1.36959145e-03, 2.74952012e-03,
       -2.63275998e-03, 1.27625035e-03, -5.59597230e-03, 6.08739490e-03,
       -1.87824690e-03, 3.91224679e-03, 2.61891074e-03, -1.04263201e-02,
       -5.32573322e-03, -6.96125766e-03, -5.44677861e-03,
       -1.00941760e-02, 5.20596839e-03, -8.70976146e-05, 1.09604411e-02,
       -2.12112651e-03, -1.22109745e-02, -7.82341138e-03,
       -1.02566201e-02, -2.09745159e-03, 2.92592752e-03, 2.34594848e-03,
       -1.13288453e-02, -5.54819684e-03, -1.04310010e-02,
       -1.93027947e-02, -8.43071751e-03, -9.17065516e-03,
       -8.17262288e-03, -5.94023475e-03, 5.80842490e-04, -7.37789553e-03,
       2.65519484e-03, -1.25057744e-02, -1.07735330e-02, 4.68459126e-04,
       -1.54469395e-03, -7.81799387e-03, -5.89377386e-03, 1.29995262e-03,
       -2.63339095e-03, 1.39105609e-02, 3.78701719e-03, -5.27792377e-03,
       -1.84675935e-03, -5.09011326e-03, -5.50934952e-03,
