%YAML:1.0
---
my_detector: !!opencv-object-detector-hog
   winSize: [ 64, 64 ]
   blockSize: [ 16, 16 ]
   blockStride: [ 8, 8 ]
   cellSize: [ 8, 8 ]
   nbins: 9
   derivAperture: 1
   winSigma: 4.
   histogramNormType: 0
   L2HysThreshold: 2.0000000000000001e-01
   gammaCorrection: 1
   nlevels: 64
   signedGradient: 0
   SVMDetector: [ -5.93022304e-03, -1.56402972e-03, 1.26427552e-03,
       -6.18695887e-03, -1.04522454e-02, -9.62325465e-03,
       -1.23312166e-02, -1.17016518e-02, -9.19354614e-03,
       -1.83692365e-03, 1.77797601e-02, 2.02026330e-02, 1.50277466e-03,
       -8.76582693e-03, -1.07603557e-02, -1.27901956e-02,
       -9.06724576e-03, -7.35144457e-03, -1.06313126e-02, 2.42457073e-03,
       1.43420268e-02, 1.07388748e-02, 2.30132136e-03, -4.26971959e-03,
       -1.37767000e-02, -1.25777014e-02, -1.34529462e-02,
       -6.36547850e-03, 2.16137972e-02, 2.30980441e-02, 1.46103194e-02,
       -4.08462901e-03, -6.19434426e-03, -1.30955623e-02,
       -1.30308587e-02, -1.47085339e-02, 4.99065919e-03, 2.33157650e-02,
       2.39340011e-02, 2.70762102e-05, -1.28214573e-02, -1.27989277e-02,
       -1.20107429e-02, -9.70942248e-03, -6.21724688e-03, 1.37647968e-02,
       2.79976279e-02, 1.91426650e-02, -4.77077439e-03, -2.04716809e-02,
       -1.76972169e-02, -1.18214963e-02, -1.09563991e-02,
       -4.10373881e-03, -5.43340249e-03, 2.27623954e-02, 2.41446476e-02,
       -6.05110545e-03, -2.00438220e-02, -1.47384424e-02,
       -1.25222290e-02, -1.16677359e-02, -1.45789692e-02, 1.46213686e-03,
       1.60963815e-02, 1.21363308e-02, -1.78295970e-02, -2.95087676e-02,
       -2.49309149e-02, -1.73436794e-02, -1.63538363e-02,
       -1.84236411e-02, 2.85117067e-02, 2.75821462e-02, 1.17730778e-02,
       -3.49748600e-03, -1.59117281e-02, -1.10452585e-02,
       -9.14371759e-03, -6.53960649e-03, 6.39808271e-03, 2.25510672e-02,
       1.20154982e-02, -5.97836543e-03, -7.62615120e-03, -1.10805565e-02,
       -8.30714684e-03, -1.17178187e-02, -8.60791933e-03, 7.66492216e-03,
       1.02294749e-02, 1.77852344e-02, 5.91622025e-04, -1.38335116e-02,
       -2.14174502e-02, -1.86372455e-02, -1.74084604e-02,
       -1.91820581e-02, -1.21064326e-02, -1.14852563e-03,
       -3.99508653e-03, -1.28040314e-02, -1.49043081e-02,
       -1.77190416e-02, -1.04233567e-02, -1.53975226e-02,
       -2.07582954e-02, -9.06244200e-03, 2.78497320e-02, 1.17005557e-02,
       -6.26829732e-03, -3.74911120e-03, -3.73637001e-03,
       -7.33107934e-03, -5.04773902e-03, -4.71341750e-03, 1.78628825e-02,
       2.14490928e-02, 1.44443984e-04, -7.98743311e-03, -4.99918172e-03,
       -6.71773357e-03, -7.58520607e-03, -5.49278827e-03, 9.11046192e-03,
       2.57358570e-02, -3.17505538e-03, -8.09236057e-03, -9.97333601e-03,
       -1.02817584e-02, -1.16844699e-02, -6.01576874e-03,
       -1.07049327e-02, -1.39723700e-02, -5.49375266e-03,
       -7.60584511e-03, -1.31842094e-02, -1.31689617e-02,
       -1.65149011e-02, -1.73640028e-02, -1.19159622e-02,
       -1.26124779e-02, -5.07656857e-03, -1.37920037e-03, 1.21336412e-02,
       -3.34598613e-03, -8.22203979e-03, -4.90547577e-03,
       -1.10926125e-02, -6.27135392e-03, -4.09207260e-03, 1.63196232e-02,
       2.05555987e-02, 8.74698535e-03, -1.47214916e-04, -1.01428321e-02,
       -1.18121197e-02, -1.41268736e-02, 1.24079059e-03, 1.05987620e-02,
       2.46476494e-02, 2.23980118e-02, -4.07269271e-03, -1.13783935e-02,
       -1.20386481e-02, -1.72641482e-02, -2.09677052e-02,
       -1.39573114e-02, -1.36663439e-02, 4.41887460e-05, 2.66623276e-04,
       -4.61584842e-03, -6.90848194e-03, -1.40274260e-02,
       -1.55455200e-02, -1.85764618e-02, -7.11980322e-03, 3.63649125e-03,
       1.07126487e-02, 1.17453770e-03, -8.03402346e-03, -6.31963601e-03,
       -8.82605556e-03, -1.14456704e-02, -1.28572807e-02, 1.90987810e-03,
       1.57897845e-02, 1.85689069e-02, 8.32154322e-03, -4.24614223e-03,
       -1.46856001e-02, -1.21141160e-02, -1.20286839e-02,
       -1.52700758e-02, 4.05388512e-03, 1.92235038e-02, 1.33282393e-02,
       5.29218372e-03, -1.33237187e-02, -6.77777268e-03, -8.66173580e-03,
       -1.27890240e-02, -1.86044909e-02, -2.97531299e-03, 1.21218078e-02,
       1.00372797e-02, -9.31400247e-03, -1.15472600e-02, -1.23007130e-02,
       -8.28823168e-03, -9.05461516e-03, -1.44932829e-02, 9.79752000e-03,
       1.67633574e-02, 9.29266587e-03, -8.20131134e-03, -7.45920138e-03,
       -1.11928424e-02, -7.91429356e-03, -9.72485729e-03,
       -1.21426415e-02, 5.83544141e-03, 1.46366796e-02, 1.00483391e-02,
       -1.81327702e-03, -9.61008575e-03, -7.73276854e-03,
       -4.84425062e-03, -8.01772159e-03, -8.70620646e-03, 5.24198730e-03,
       8.50972626e-03, 5.35628339e-03, -6.38613536e-04, -8.05672165e-03,
       -7.53836660e-03, -6.39388990e-03, -7.08753616e-03,
       -4.45100944e-03, 1.83779635e-02, 1.31056709e-02, 5.80362277e-03,
       -1.17627298e-02, -1.35170082e-02, -7.95352925e-03,
       -3.48054687e-03, -1.02671413e-02, 2.45382453e-05, 1.31610315e-02,
       1.20288301e-02, 5.76149998e-03, -1.27031375e-02, -1.06563652e-02,
       2.96035619e-03, 1.64528470e-02, 1.81821957e-02, 1.32206723e-03,
       -9.89780016e-03, -1.84026100e-02, -1.65249240e-02,
       -1.33178160e-02, -1.16588734e-02, 2.33568083e-02, 2.83040423e-02,
       1.44982776e-02, -1.03490669e-02, -1.13051068e-02, -1.81317087e-02,
       -1.51417237e-02, -1.66214854e-02, -1.05810920e-02,
       -5.78087056e-04, 2.27011293e-02, 2.21961942e-02, -4.30457992e-03,
       -1.22079598e-02, -1.35407373e-02, -1.40612181e-02,
       -1.31278057e-02, -1.27097191e-02, 9.62022692e-03, 2.42647715e-02,
       1.22282375e-02, -2.09120400e-02, -1.84516832e-02, -1.90771818e-02,
       -1.79471839e-02, -1.74050592e-02, 5.89777296e-03, 4.35379744e-02,
       3.91354859e-02, 7.85381068e-03, -1.40110003e-02, -7.93699734e-03,
       -7.07426993e-03, -6.96314033e-03, -6.47680461e-03, 4.02239757e-03,
       2.00987309e-02, 7.61767710e-03, -1.55162262e-02, -1.95054822e-02,
       -1.49755813e-02, -8.92810151e-03, -1.21493908e-02,
       -1.27621396e-02, -8.86023045e-03, 1.58709362e-02, 1.74425691e-02,
       4.75273337e-05, -1.88616458e-02, -1.37614459e-02, -1.17562171e-02,
       -1.07628033e-02, -1.03328014e-02, -1.32005187e-02,
       -1.00318715e-02, -1.25444559e-02, -2.07923558e-02,
       -1.78718437e-02, -1.49640460e-02, -1.40885226e-02,
       -1.20609459e-02, -1.17769735e-02, 1.21928900e-02, 1.67508908e-02,
       8.94593168e-03, -2.51998729e-03, -5.46558108e-03, -8.52165278e-03,
       -4.34451923e-03, -8.40254594e-03, -6.86614122e-03, 2.57328106e-03,
       2.01204093e-03, -7.39311427e-03, -9.11896490e-03, -2.81675835e-03,
       6.93625072e-04, -4.29121451e-03, -3.30790947e-03, -1.06390065e-03,
       -8.69423989e-03, -7.21172616e-03, -5.74909803e-03,
       -8.82786140e-03, -4.18591918e-03, -4.99008829e-03,
       -1.11780092e-02, -8.23616702e-03, -1.07655944e-02,
       -9.99061856e-03, -1.06594665e-02, -1.00209527e-02,
       -1.00839641e-02, -3.51654505e-03, -2.10784026e-03,
       -9.69126727e-03, -5.62520977e-03, -9.04235523e-03, 4.01980447e-04,
       -1.99250248e-03, -4.11702832e-03, -3.63521837e-03,
       -2.61073204e-04, 3.94428754e-03, -5.94217516e-03, -4.74160630e-03,
       1.49573118e-03, -9.19460505e-03, -8.01451411e-03, -8.05534516e-03,
       -1.16365533e-02, -5.06647350e-03, 4.70347150e-04, -2.30492209e-03,
       5.38803125e-03, -1.31366294e-04, -5.61228348e-03, -7.36305164e-03,
       -8.04978982e-03, -9.92421340e-03, 3.24891973e-03, 5.65632945e-04,
       -8.61208048e-03, -3.36226239e-03, -4.10644896e-03,
       -1.34552699e-02, -7.33839534e-03, -1.08491415e-02,
       -1.50476266e-02, -3.61985085e-03, -5.45291509e-03,
       -8.50288756e-03, -5.68623189e-04, -1.07237818e-02,
       -9.75586101e-03, -7.14477559e-04, -3.30189127e-03,
       -1.12792552e-02, -5.10453386e-03, -3.45404865e-03,
       -3.29881045e-03, 7.60748005e-03, 3.25135584e-03, -3.23767029e-03,
       1.41603767e-03, -1.04991999e-03, -5.90612553e-03, -2.54837144e-03,
