%YAML:1.0
---
my_hand_detector: !!opencv-object-detector-hog
   winSize: [ 48, 64 ]
   blockSize: [ 16, 16 ]
   blockStride: [ 8, 8 ]
   cellSize: [ 8, 8 ]
   nbins: 9
   derivAperture: 1
   winSigma: 4.
   histogramNormType: 0
   L2HysThreshold: 2.0000000000000001e-01
   gammaCorrection: 1
   nlevels: 64
   signedGradient: 0
   SVMDetector: [ 2.35662889e-02, 2.72174273e-02, 1.80473328e-02,
       2.63585486e-02, 7.32291723e-04, 2.07661893e-02, 3.51120122e-02,
       1.76216513e-02, 1.20829828e-02, 1.78075098e-02, 1.09133171e-02,
       3.39193195e-02, 8.28359835e-03, 1.68962926e-02, 1.16312029e-02,
       3.09520680e-02, 1.96655057e-02, 5.37072541e-03, 1.72066819e-02,
       2.39027236e-02, 2.30595637e-02, 3.30694243e-02, 3.27663943e-02,
       3.31011415e-02, 3.77356634e-02, 1.26038492e-02, 1.06749404e-02,
       2.18608826e-02, 1.42403785e-02, 1.31052714e-02, 1.32158669e-02,
       3.70298885e-02, 1.20536545e-02, 5.34181818e-02, 1.39796175e-02,
       1.19554326e-02, 1.80677380e-02, -9.78056458e-04, 1.72029398e-02,
       1.31193018e-02, 8.56304448e-03, 1.53126735e-02, 1.30898263e-02,
       6.94814045e-03, 8.25299323e-03, 1.18024740e-02, -6.88547827e-03,
       1.11327115e-02, 1.48278652e-02, 2.64686793e-02, 4.74098464e-03,
       1.04140481e-02, -9.44245048e-03, 8.87577794e-03, 2.96829012e-03,
       1.19304089e-02, 3.02197644e-03, 1.12200715e-02, 2.90967943e-03,
       5.77313406e-03, 2.03134418e-02, -8.59060138e-03, 1.45327370e-03,
       5.68202026e-02, 5.64381070e-02, 3.46927606e-02, 2.67882235e-02,
       2.16426961e-02, 1.88628491e-02, 2.57942099e-02, 2.83635641e-03,
       3.09039708e-02, -5.08781942e-03, -1.23888655e-02, -1.31433643e-02,
       -1.00973239e-02, 4.69116261e-04, -1.00846095e-02, -2.08524615e-02,
       -3.03684436e-02, -9.44709964e-03, 6.97362423e-03, 1.73636852e-03,
       1.60240056e-03, 9.50170867e-03, -2.86756968e-03, -2.02985164e-02,
       -1.52045069e-02, -2.15700567e-02, -1.72099425e-03, 8.28600209e-03,
       1.25211952e-02, 2.48943288e-02, 1.31194582e-02, 2.15043854e-02,
       -3.45217297e-03, -8.70166533e-03, -1.10049015e-02,
       -2.76059425e-03, 4.09444235e-02, 2.82728039e-02, 5.68285733e-02,
       5.65044433e-02, 4.49835882e-02, 1.73177272e-02, 2.81631947e-02,
       6.57948712e-03, 5.13167195e-02, -1.50452442e-02, -8.66615120e-03,
       -1.89307157e-03, 2.87581724e-03, -2.02298388e-02, -4.03181138e-03,
       -9.97458678e-03, -1.35441292e-02, -1.59044210e-02,
       -2.26544612e-03, 3.50527163e-03, -6.00824412e-03, 4.12995555e-03,
       1.73759498e-02, 1.94897633e-02, -1.02344267e-02, -1.26467757e-02,
       -6.85330422e-04, -5.64106973e-03, -2.21897988e-03, 2.50435956e-02,
       1.29379360e-02, -1.94692481e-02, 1.37076499e-02, 4.71085869e-02,
       2.53181346e-02, 3.77112776e-02, -1.68610606e-02, -1.39623107e-02,
       1.50833325e-02, 1.24755381e-02, 2.95534674e-02, -1.90963317e-03,
       3.81042100e-02, 2.99058575e-02, 1.77531466e-02, 1.61079725e-03,
       5.11268945e-03, -3.95352906e-03, -2.68282741e-02, -2.72195553e-03,
       -1.15397107e-03, 4.10189852e-03, -1.54386344e-03, 6.43081358e-03,
       8.53332691e-03, 4.91431309e-03, 4.08660574e-03, -2.17992309e-02,
       1.68004241e-02, -3.12518189e-03, -1.07036391e-03, -4.66858083e-03,
       6.08551130e-03, -4.94061457e-03, 8.05152021e-03, 2.18941197e-02,
       -4.52590524e-04, 9.69445985e-03, -1.44919497e-03, -1.50069571e-03,
       3.40056419e-02, 4.15229350e-02, 1.54527770e-02, 1.05678244e-02,
       4.88740951e-02, 3.63517180e-02, 6.12353571e-02, 2.78763622e-02,
       2.99530523e-03, -6.36032270e-03, 1.53332874e-02, 3.87514615e-03,
       2.21724156e-03, -7.79593503e-03, -3.11228130e-02, -4.15791245e-03,
       -3.68379615e-02, -1.60755720e-02, -7.44746067e-03, 1.89744704e-03,
       -8.94603785e-03, -1.24221342e-02, 1.25211757e-02, 2.89710239e-03,
       1.20490994e-02, -6.53581275e-03, -1.96256884e-03, 1.67074834e-03,
       -7.78397126e-03, -3.95199209e-02, 7.01524899e-04, 1.16602564e-03,
       -2.62776227e-03, 3.08398753e-02, 2.61713797e-03, -2.53985748e-02,
       -2.83595454e-02, -3.71171944e-02, -1.48317742e-03, 4.46597263e-02,
       4.53093909e-02, 7.09619448e-02, 3.13086323e-02, 1.22110453e-02,
       -2.12683957e-02, 2.89046881e-03, -1.77301746e-02, -1.69886183e-02,
       -1.85068920e-02, -1.99741051e-02, -1.85998920e-02, 1.70817021e-02,
       -5.84958261e-03, -1.27266338e-02, -1.94418598e-02,
       -3.17399353e-02, 1.10738887e-03, -2.46107142e-04, -4.54601608e-02,
       -2.65492462e-02, 7.16819689e-02, 3.01918946e-02, -2.97715738e-02,
       -3.01631484e-02, -3.41378897e-02, 1.07192351e-02, 4.01757918e-02,
       -1.19085908e-02, 4.13005427e-03, -5.04610501e-03, -1.06075294e-02,
       -3.22384983e-02, -1.17714917e-02, -2.83054691e-02, 4.52485494e-02,
       2.96955220e-02, -6.20908663e-02, -2.11296752e-02, 3.02364267e-02,
       3.16902548e-02, -2.00407729e-02, -2.10479572e-02, -1.43500287e-02,
       2.15193387e-02, 9.26825777e-03, 6.65109698e-03, 8.99660308e-03,
       1.09433914e-02, 2.58346889e-02, 2.55174562e-02, 7.16887740e-03,
       3.76591720e-02, 1.52502824e-02, 1.95964500e-02, 1.72739208e-03,
       2.78055947e-03, 1.27076525e-02, 5.42418472e-03, 3.29122953e-02,
       -7.03897886e-03, 1.12240817e-02, -1.19929677e-02, 8.09664745e-03,
       2.41062194e-02, 1.19515769e-02, 2.76437458e-02, 1.11043826e-02,
       3.36379744e-02, 9.64887906e-03, 4.45240643e-03, 3.65205831e-03,
       3.72139886e-02, 6.70665875e-02, 6.00152537e-02, 5.57218753e-02,
       4.31027934e-02, 3.84108461e-02, 1.00572815e-03, 3.33866570e-03,
       -2.33213995e-02, -1.84729360e-02, -1.91868227e-02,
       -6.79196464e-03, -2.39389576e-02, -2.44114511e-02,
       -1.21587953e-02, -3.87150235e-02, -1.83855295e-02,
       -5.70868002e-03, -2.94360938e-03, -8.32708925e-03,
       -1.31085766e-02, -1.40148764e-02, -2.08414774e-02,
       -3.30174081e-02, -4.37299497e-02, 6.00732816e-03, -4.90391627e-02,
       -2.35009287e-02, -8.86942539e-03, -1.70752488e-03,
       -1.83083732e-02, -1.37888442e-03, -9.22402740e-03,
       -2.88464054e-02, -4.83661816e-02, 4.72977534e-02, 7.68428072e-02,
       8.83393139e-02, 6.03561662e-02, 7.61673376e-02, 5.48452288e-02,
       1.62517652e-02, 1.30431382e-02, -3.51860450e-04, -3.59859765e-02,
       -4.31724340e-02, -4.08124626e-02, -2.44714376e-02,
       -4.29558828e-02, -2.29796506e-02, -4.96109128e-02,
       -2.25989800e-02, -1.33574931e-02, -4.49187011e-02,
       -4.65009138e-02, -3.49561684e-02, -1.00746071e-02,
       -2.17048191e-02, -1.91894472e-02, -2.28713583e-02, 2.20186054e-03,
       -9.80694499e-03, 1.68395992e-02, 5.34488354e-03, -1.69846974e-02,
       -2.08832230e-02, -3.79951783e-02, 3.61707294e-03, -1.42207192e-02,
       -1.89328718e-03, 9.85955540e-03, 1.81302465e-02, -8.16166308e-03,
       -1.81668494e-02, -2.08914746e-02, -2.27870997e-02,
       -3.07773915e-03, 1.59908123e-02, 2.45058835e-02, 5.82722351e-02,
       -6.49454519e-02, -4.45960015e-02, -3.60731967e-02,
       -2.49521732e-02, -4.12693173e-02, -2.51762383e-02,
       -1.05105070e-02, 1.56934522e-02, -2.49308292e-02, -7.60765076e-02,
       -5.41287474e-02, -2.89749745e-02, -2.87802666e-02,
       -3.50661092e-02, -3.28475237e-02, -1.36229368e-02,
       -6.25789585e-03, -3.50432247e-02, -4.93471092e-03,
       -2.53459997e-02, -4.87338975e-02, -2.08699666e-02,
       -5.29474989e-02, -2.80481204e-02, 1.50927873e-02, 6.28711432e-02,
       6.44671246e-02, -2.79381890e-02, -2.33510695e-02, -5.87245151e-02,
       -3.12478133e-02, -6.26372024e-02, -2.98813693e-02,
       -2.33915579e-02, 4.48732972e-02, 4.73260060e-02, -5.40054664e-02,
       -4.15921248e-02, -2.36368477e-02, -2.60434654e-02,
       -3.74866612e-02, -2.65075658e-02, -3.73232551e-02,
       -2.68654432e-03, -2.02051420e-02, -1.56686809e-02,
       -3.24403457e-02, -2.85923406e-02, -2.86745820e-02,
       -5.02295569e-02, -3.59263159e-02, -2.51703262e-02,
       -3.27368751e-02, -3.23456861e-02, 1.61198471e-02, -9.64781083e-03,
