%YAML:1.0
---
my_hand_detector: !!opencv-object-detector-hog
   winSize: [ 48, 64 ]
   blockSize: [ 16, 16 ]
   blockStride: [ 8, 8 ]
   cellSize: [ 8, 8 ]
   nbins: 9
   derivAperture: 1
   winSigma: 4.
   histogramNormType: 0
   L2HysThreshold: 2.0000000000000001e-01
   gammaCorrection: 1
   nlevels: 64
   signedGradient: 0
   SVMDetector: [ 4.01527323e-02, 2.12399159e-02, 2.39919648e-02,
       1.16389315e-03, 5.67604648e-03, -8.34064279e-03, 1.34043125e-02,
       1.89786050e-02, 3.62961106e-02, 2.47748662e-02, 1.46878539e-02,
       3.34011950e-02, -1.00887835e-03, 1.62467454e-02, 6.39074622e-03,
       1.72801334e-02, 1.41767610e-03, 1.42707108e-02, 1.11677833e-02,
       3.74542400e-02, 1.79692451e-02, 2.59148283e-03, 1.20806862e-02,
       2.18130718e-03, 2.87344586e-02, 2.87975557e-02, 7.73176458e-03,
       -1.82954583e-03, 2.43718047e-02, 3.97876278e-02, 5.89094544e-03,
       7.81782623e-03, 1.84194967e-02, 3.87749709e-02, 2.19822414e-02,
       -6.59427096e-05, -3.15929018e-03, 4.21713991e-03, 1.09159080e-02,
       -2.19314243e-03, 1.75180621e-02, 2.24276707e-02, 2.01035421e-02,
       -4.74880636e-03, -1.15492651e-02, -1.47243263e-02,
       -3.97540350e-03, -3.66988918e-03, 2.39328039e-03, 1.43088745e-02,
       -1.68501716e-02, 1.02169486e-03, 8.31036177e-03, -1.04898866e-02,
       -8.25118273e-03, 1.63245462e-02, 2.19475906e-02, -4.45723208e-03,
       9.25928727e-03, 1.76570080e-02, 1.87529847e-02, 6.94720307e-04,
       -6.05719397e-03, 4.81305234e-02, 3.74397524e-02, 2.76601594e-02,
       2.59467941e-02, 5.25242910e-02, -3.33757256e-03, 1.99370049e-02,
       1.14587685e-02, 4.59267274e-02, -2.20400151e-02, -2.72038463e-03,
       -8.10929108e-03, 1.63034536e-02, -7.15210428e-03, -1.78226102e-02,
       -4.79666376e-03, -1.31292176e-02, -1.56323053e-02,
       -4.67974879e-03, -5.28927241e-03, -4.87400079e-03, 5.81371738e-03,
       2.41485219e-02, -1.51460329e-02, 8.70486349e-03, -2.37599649e-02,
       -1.87227856e-02, 4.42481833e-03, 3.22941109e-03, 6.57045562e-03,
       2.89601590e-02, 2.66273525e-02, -7.74369854e-03, -4.95917338e-04,
       3.66286229e-04, -6.69331173e-04, 4.83203381e-02, 2.37067454e-02,
       5.10261506e-02, 3.75956073e-02, 3.28734964e-02, 1.88892204e-02,
       5.35696819e-02, 3.44616622e-02, 4.80997153e-02, -1.46174533e-02,
       -9.56773292e-03, 1.83086388e-03, -5.16854785e-03, -9.94230248e-03,
       -2.68775858e-02, 4.07422474e-03, -2.04287507e-02, -2.53983438e-02,
       -5.63193578e-03, -4.03012056e-03, -1.54522434e-03,
       -1.81468448e-03, 1.06202867e-02, 4.44269273e-03, 1.71467401e-02,
       -6.74269022e-03, -1.47758787e-02, 3.77396750e-03, -7.70853646e-03,
       1.32719390e-02, -1.81973085e-03, -1.90086644e-02, -9.71782953e-04,
       5.92720732e-02, 4.82194126e-02, 4.21727709e-02, -1.50374370e-02,
       -5.46840066e-03, 1.29252914e-02, -4.44532791e-03, 3.47729512e-02,
       4.88172565e-03, 4.67428453e-02, 4.50765714e-02, 1.48857767e-02,
       3.15744686e-03, -1.31605258e-02, -1.53558496e-02, -2.61371527e-02,
       -1.39875524e-03, -5.55225322e-03, 5.43286931e-03, -1.13907475e-02,
       -2.04114318e-02, 7.83866562e-04, 2.61689769e-03, 1.54909408e-02,
       -2.69181635e-02, 4.36249562e-02, 8.82108882e-03, -6.90857926e-03,
       -3.15807178e-03, -8.20842572e-04, -1.05851125e-02,
       -4.21724003e-03, 9.91457421e-03, -7.64326379e-03, 3.24428380e-02,
       9.51394439e-03, 7.74891488e-03, 4.70128320e-02, 3.02222092e-02,
       7.23788003e-03, -3.39857943e-05, 2.36779954e-02, 2.67519411e-02,
       6.25235811e-02, 3.12666036e-02, -1.90221611e-03, 1.13401124e-02,
       -3.24888417e-04, 6.48855697e-03, 1.44605031e-02, 1.05784219e-02,
       -2.32898910e-02, 1.37367425e-02, -3.35321799e-02, -1.48339923e-02,
       -3.87569144e-03, 5.48508251e-03, -6.47088652e-03, 2.52078450e-03,
       5.70716243e-03, -2.78312061e-03, 2.17395853e-02, -1.07454427e-03,
       -7.40306452e-03, -6.12500589e-03, -4.95870411e-03,
       -4.25647646e-02, -9.67073068e-03, -1.14291918e-03,
       -2.36470229e-03, 2.97140907e-02, -2.14021429e-02, -2.42075231e-02,
       -2.15377305e-02, -4.98823375e-02, -2.26086807e-02, 6.09352924e-02,
       4.76563014e-02, 5.10649532e-02, 2.80906595e-02, -1.48935011e-02,
       -3.01736477e-03, -2.40081642e-02, -4.23076078e-02,
       -1.38975438e-02, -5.43318875e-03, -2.72745192e-02,
       -3.01680565e-02, 7.19909975e-03, -1.21212462e-02, -2.66799144e-02,
       -2.78616622e-02, -1.63363125e-02, -1.90797728e-03, 1.13670053e-02,
       -4.96167503e-02, -2.62284596e-02, 4.44675013e-02, 2.48151403e-02,
       -1.32313976e-02, -4.26623970e-02, -3.66966799e-02, 1.61992991e-03,
       3.63619104e-02, -1.30457478e-02, -1.98279191e-02, -7.56050507e-03,
       -3.28964815e-02, -1.83025841e-02, -2.11134832e-02,
       -3.49368788e-02, 3.56093422e-02, 2.27495767e-02, -6.00266606e-02,
       -3.20095681e-02, 9.82758217e-03, 7.17170816e-03, -1.68377329e-02,
       -2.66501401e-02, -3.65887163e-03, 8.21085181e-03, 9.03281383e-03,
       5.92826342e-04, -4.87668160e-03, 2.70296372e-02, 6.26892364e-03,
       9.68156848e-03, 1.93633288e-02, 9.59180109e-03, 2.58929282e-03,
       1.42709650e-02, 2.79624276e-02, 1.26095824e-02, 7.50882085e-03,
       3.64961382e-03, 1.39739159e-02, -1.23525923e-03, -3.81723000e-03,
       1.95097772e-03, -1.20465364e-02, 1.49820661e-02, 1.21006882e-02,
       7.65636843e-03, 1.68825798e-02, 1.76363420e-02, 4.68216464e-03,
       3.20143066e-03, 7.29091326e-03, 1.75783765e-02, 5.33603169e-02,
       5.85306287e-02, 5.43353967e-02, 3.51159908e-02, 3.60311717e-02,
       -6.16003759e-03, -1.41028408e-03, -2.73786429e-02,
       -1.89841278e-02, -2.62660217e-02, -1.95084698e-02,
       -2.22989377e-02, -1.13599794e-02, -1.21804355e-02,
       -3.25151086e-02, -2.49733478e-02, 7.64794974e-03, -1.16170552e-02,
       -3.16436030e-02, -1.78696960e-02, -3.72068281e-03,
       -3.19001488e-02, -2.80897915e-02, -3.52694243e-02, 2.29081754e-02,
       -4.34926338e-02, -4.29734513e-02, -2.61942800e-02,
       -8.89643282e-03, -4.37741820e-03, -3.85659770e-03,
       -1.04408311e-02, -4.13238853e-02, -4.08341363e-02, 4.87108827e-02,
       7.46095181e-02, 7.58399367e-02, 4.67631929e-02, 6.49482086e-02,
       2.41301898e-02, -6.93292171e-03, 6.12098863e-03, 1.47224469e-02,
       -3.58588211e-02, -4.77309115e-02, -5.18205389e-02,
       -2.70811971e-02, -2.88280360e-02, -2.72401981e-02,
       -3.66261154e-02, -1.78134423e-02, -3.47323599e-04,
       -4.58185412e-02, -5.26910871e-02, -3.08481455e-02,
       -1.96269378e-02, -3.68459262e-02, -2.27216501e-02,
       -1.56488251e-02, -7.60671822e-03, -8.83242954e-03, 4.63666208e-03,
       1.03687420e-02, -1.57509912e-02, -1.02986908e-02, -1.60023216e-02,
       -1.03378119e-02, -2.89880764e-02, 4.45693266e-03, 8.65330175e-03,
       2.23109145e-02, 1.37980618e-02, -1.71891565e-03, -1.93903805e-03,
       -2.86998246e-02, -1.80227787e-03, 1.00872936e-02, 2.94070709e-02,
       5.55846877e-02, -6.55622259e-02, -5.56851178e-02, -4.83241417e-02,
       -2.53408104e-02, -4.91134636e-02, -3.10978461e-02,
       -9.34083574e-03, 1.75863889e-03, -8.65919795e-03, -6.39434382e-02,
       -5.19597568e-02, -3.31756510e-02, -1.39873922e-02,
       -3.64816487e-02, -4.95884567e-02, -3.58425789e-02,
       -1.42402472e-02, -1.44186206e-02, 3.87762650e-03, -1.28705967e-02,
       -4.37758230e-02, -1.54797276e-02, -6.48801848e-02,
       -2.50453167e-02, 7.82559067e-03, 3.72107551e-02, 7.58099705e-02,
       -8.36711749e-03, -6.56261109e-03, -5.17270565e-02,
       -2.63836235e-02, -6.77035004e-02, -3.17808390e-02,
       -3.04327030e-02, 4.35862131e-02, 6.54253811e-02, -4.59499732e-02,
       -3.63140181e-02, -2.46477854e-02, -9.98848118e-03,
       -3.19872946e-02, -3.41196656e-02, -4.47424501e-02, 9.63581610e-04,
       -7.14261550e-04, -4.82768333e-03, -3.80581766e-02,
       -4.41510677e-02, -3.88579071e-02, -5.77741563e-02,
       -2.16402523e-02, -2.55747959e-02, -1.88053343e-02,
