%YAML:1.0
---
my_osn_logo_detector: !!opencv-object-detector-hog
   winSize: [ 88, 48 ]
   blockSize: [ 16, 16 ]
   blockStride: [ 8, 8 ]
   cellSize: [ 8, 8 ]
   nbins: 9
   derivAperture: 1
   winSigma: 4.
   histogramNormType: 0
   L2HysThreshold: 2.0000000000000001e-01
   gammaCorrection: 1
   nlevels: 64
   signedGradient: 0
   SVMDetector: [ -6.96422812e-03, 9.17126518e-03, 1.34741673e-02,
       -2.96211708e-03, -1.06443120e-02, -6.33071316e-03,
       -1.14294449e-02, -1.13346567e-02, -1.11404546e-02, 6.82194671e-03,
       2.78343633e-02, 1.89412087e-02, -4.36719693e-03, -1.59772877e-02,
       -6.70563802e-03, -1.32259540e-02, -1.52731193e-02,
       -9.72784776e-03, -9.62472800e-03, 1.61873028e-02, 2.68029217e-02,
       8.22201185e-03, -1.33642345e-03, -3.90361785e-03, -1.27645982e-02,
       -1.18620843e-02, -1.05219828e-02, -3.63052846e-03, 1.98949315e-02,
       1.89678688e-02, 6.89177960e-03, -3.38622695e-03, -2.60761171e-03,
       -1.12660052e-02, -1.43239889e-02, -1.03997374e-02, 1.24665527e-02,
       1.98867619e-02, 1.78529806e-02, -2.19310308e-03, -1.09957475e-02,
       -3.95984389e-03, -1.01542240e-02, -1.26477377e-02,
       -2.06026970e-03, 1.89989991e-02, 1.57443099e-02, 7.51686422e-03,
       -5.30869979e-03, -8.36407300e-03, -2.92510982e-03,
       -4.91791125e-03, -7.29346042e-03, 1.00584701e-02, 3.56512051e-03,
       5.04200067e-03, 1.03812888e-02, -2.65736436e-03, -4.50750161e-03,
       -6.09265291e-04, -6.98611513e-03, -1.16831018e-02,
       -6.34506438e-03, 1.38368448e-02, 1.06513062e-02, 6.92668278e-03,
       -2.45575327e-03, -2.67966208e-03, 1.32231403e-03, -1.75255025e-03,
       -9.57790110e-03, 6.16112771e-03, 1.84187498e-02, 1.18812695e-02,
       -1.92124792e-03, -1.06914965e-02, -9.56451241e-03,
       -6.59073424e-03, -5.71414782e-03, -4.43153316e-03, 1.24061173e-02,
       1.17157139e-02, 7.54684210e-04, -3.41336499e-03, -4.28841123e-03,
       -7.98756722e-03, -1.02409339e-02, -3.68932565e-03, 8.57828744e-03,
       1.46765774e-02, 1.45648997e-02, 4.71567689e-03, 2.35258183e-03,
       -6.89486880e-03, -5.61193004e-03, 1.93429732e-04, 1.61465851e-03,
       -5.98725816e-03, 1.03374477e-02, 1.37090245e-02, -1.42110349e-03,
       -2.84686894e-03, -3.16869677e-03, -6.37001265e-03,
       -2.81369709e-03, 6.25188090e-03, 4.72824555e-03, 8.58031679e-03,
       1.00119859e-02, -3.83858010e-03, -4.21472592e-03, -1.26977533e-03,
       -8.72728787e-03, -6.65766979e-03, 2.69290991e-03, 1.57190654e-02,
       1.50055476e-02, 2.29812739e-03, -5.50314970e-03, -9.11740703e-04,
       -2.84520956e-03, -7.14096706e-03, -1.77261478e-03, 1.69821884e-02,
       2.30647810e-02, 1.43215535e-02, -1.20631768e-03, -3.12979426e-03,
       -1.72720733e-03, -1.56374590e-04, -1.09091587e-02,
       -4.53412673e-03, 5.88877965e-03, 7.05435034e-03, 2.06211256e-03,
       -5.20410435e-03, -2.30514025e-03, -6.08460396e-04,
       -2.62381905e-03, -2.60645640e-03, -6.78923260e-03, 9.20151547e-03,
       6.93465583e-03, 3.03475739e-04, -6.71104714e-03, -9.01715178e-03,
       -6.38484117e-03, -5.57157584e-03, -1.15786493e-02,
       -4.46161721e-03, 1.77680086e-02, 2.61754002e-02, 7.57711241e-03,
       -1.17204366e-02, -7.54369097e-03, -8.17381404e-03,
       -7.85684865e-03, -1.37943132e-02, -5.39514143e-03, 9.87836905e-03,
       9.12131928e-03, -7.56010180e-03, -6.78689685e-03, -6.76290784e-03,
       -7.46811461e-03, -6.92489510e-03, -8.58155359e-03,
       -2.39097234e-03, 1.56868938e-02, 2.00852323e-02, -1.78594573e-03,
       -1.42556876e-02, -8.06960464e-03, -8.25841725e-03,
       -5.40221529e-03, -1.10007301e-02, 8.62735603e-03, 2.24494599e-02,
       1.44905467e-02, -1.07577518e-02, -9.18504316e-03, 8.36541783e-03,
       1.95326768e-02, 1.86419021e-02, 1.37714557e-02, 3.09976959e-03,
       -1.03829354e-02, -1.11844297e-02, -8.67549330e-03,
       -9.61106084e-03, 3.08427797e-03, 9.95966978e-03, 5.71549172e-03,
       1.06537146e-02, 6.22067181e-03, -8.86046793e-03, -1.28602935e-02,
       -1.07213724e-02, -1.03365388e-02, -4.50597564e-03, 4.85732034e-03,
       9.12201777e-03, 1.50809353e-02, 6.00423990e-03, -4.24097013e-03,
       -9.87157226e-03, -8.35393835e-03, -1.17105208e-02,
       -9.64157935e-03, -2.36675073e-03, -1.28195353e-03, 9.70205106e-03,
       5.87672694e-03, -8.28070380e-03, -1.35212904e-02, -1.19378176e-02,
       -3.15883360e-03, 4.04975726e-04, 2.02199980e-03, -6.53251715e-04,
       2.08386499e-03, 1.40577904e-03, -5.07772900e-03, -8.61101504e-03,
       -6.74422458e-03, 1.11003648e-02, 1.11960405e-02, 1.20771797e-02,
       4.35555680e-03, -3.33372620e-03, 2.44182465e-03, 1.47575606e-03,
       -2.99074105e-03, 2.88688065e-03, -7.18590710e-03, -7.07547273e-03,
       -7.46216532e-03, -8.36546719e-03, 4.57085524e-04, 1.87277864e-03,
       -4.94370097e-03, -9.77577269e-03, -9.77696478e-03, 4.34112642e-03,
       9.19622183e-03, 6.39666012e-03, 5.49173309e-03, 1.66708184e-03,
       1.21626407e-02, 1.18191298e-02, 8.67307466e-03, -8.67604394e-04,
       1.28770433e-02, 5.43169817e-03, 6.23260252e-03, -4.78351256e-03,
       -1.39451558e-02, -5.81784174e-03, 2.97877542e-03, -1.04008359e-03,
       7.71359354e-03, 9.47035383e-03, -7.08403299e-04, -1.38884154e-03,
       -2.82555283e-03, -1.03347963e-02, -3.35093657e-03, 1.17336800e-02,
       6.56840671e-03, 5.94127225e-03, 1.31269703e-02, 1.00258049e-02,
       4.68038581e-03, -6.69687614e-03, -1.28284665e-02, -2.33149482e-03,
       6.46160403e-03, 7.84731843e-03, 9.26982611e-03, 1.25460839e-02,
       1.04900692e-02, 9.87875275e-03, 2.11122190e-03, -6.27931627e-03,
       -1.84176303e-03, 6.48785010e-03, 6.03069365e-03, 2.96697975e-03,
       8.84249806e-04, -1.09423745e-05, 1.58176338e-03, 4.69351932e-03,
       1.07807491e-03, 4.86872951e-03, 1.45363482e-02, 1.06002465e-02,
       3.01799178e-03, -4.68515698e-03, -1.07260374e-03, -2.26818328e-03,
       -2.87349406e-03, -1.70964503e-03, -8.83372035e-03, 3.96775128e-03,
       6.62376522e-04, -3.92209832e-03, 3.19848862e-03, 9.18020587e-03,
       1.13345543e-02, 1.11918841e-02, 6.97006099e-03, 1.18706655e-02,
       1.21916076e-02, 4.75138333e-03, -3.83388135e-03, -4.73539019e-03,
       -1.91479735e-03, -6.01369049e-03, 3.29432660e-04, -2.64699245e-03,
       -9.27667320e-03, -2.04923563e-03, -4.27998183e-03,
       -8.29928927e-03, -5.66688599e-03, -4.82862396e-03,
       -6.41059596e-03, -4.81124688e-03, -2.46147346e-03,
       -5.76605881e-03, 5.60234860e-03, 4.20342665e-03, -6.10509375e-03,
       -8.70085042e-03, -4.52359021e-03, -3.42433481e-03, 4.40517813e-03,
       1.31669613e-02, 1.18348794e-02, 1.96237732e-02, 7.90977571e-03,
       -8.79417639e-03, -7.27571035e-03, -4.17636475e-03,
       -7.61452736e-03, -2.11913488e-03, -3.06327268e-03,
       -6.63609477e-03, 6.74991112e-04, -6.10629981e-03, -8.79665650e-03,
       -8.05005897e-03, -3.18474346e-03, -2.59028166e-03, 8.29740800e-03,
       1.53208068e-02, 6.61196746e-03, 1.11889020e-02, -3.92870419e-03,
       -1.19697955e-02, -1.09995306e-02, -8.47099442e-03,
       -5.91300474e-03, 5.05711976e-03, 1.32035119e-02, 1.49646187e-02,
       9.86447372e-03, -3.08124465e-03, -8.24537873e-03, -8.73240549e-03,
       -7.21122464e-03, -9.44256317e-03, -7.22107943e-03, 5.80941327e-03,
       3.55801871e-03, -2.67081312e-03, -1.16824163e-02, -1.19886585e-02,
       -1.31152961e-02, -1.04176458e-02, -1.20365387e-02,
       -3.48154758e-03, 3.72339250e-03, 1.05619021e-02, 1.77868865e-02,
       1.19315479e-02, -7.08511751e-03, -7.87518453e-03, -9.17863939e-03,
       -1.66654978e-02, -1.05927903e-02, 1.53364823e-03, 8.32393672e-03,
       1.88122522e-02, 1.05055561e-02, -4.66280896e-03, -6.34190906e-03,
       -4.07948112e-03, -8.64037685e-03, -6.60738396e-03, 6.43433072e-03,
       4.42011002e-03, -1.14263326e-03, -7.34604103e-03, -1.05626350e-02,
       1.62529969e-03, 3.95774469e-03, 1.46983087e-03, 2.35904823e-03,
       4.07539029e-03, 1.43633988e-02, 1.54422792e-02, 1.48859881e-02,
