%YAML:1.0
---
my_text_detector: !!opencv-object-detector-hog
   winSize: [ 96, 40 ]
   blockSize: [ 16, 16 ]
   blockStride: [ 8, 8 ]
   cellSize: [ 8, 8 ]
   nbins: 9
   derivAperture: 1
   winSigma: 4.
   histogramNormType: 0
   L2HysThreshold: 2.0000000000000001e-01
   gammaCorrection: 1
   nlevels: 64
   signedGradient: 0
   SVMDetector: [ -7.72924162e-03, -4.70465794e-03, -7.49345310e-03,
       -8.03165976e-03, -1.69055983e-02, -1.66653041e-02,
       -1.45997014e-02, -1.02656530e-02, -8.99811834e-03,
       -5.24490653e-03, -3.87531915e-03, -7.55436579e-03,
       -8.74651968e-03, -1.65452808e-02, -1.52699919e-02,
       -1.63727496e-02, -1.19970907e-02, -8.19743238e-03,
       -1.03344815e-02, -5.62518742e-03, -8.47513787e-03,
       -8.38347711e-03, -1.60230100e-02, -1.51691120e-02,
       -1.50268637e-02, -1.27371848e-02, -1.35475006e-02, 5.91328321e-03,
       1.07371602e-02, 1.32382289e-02, -1.44624198e-03, 1.97934695e-02,
       -8.08589999e-03, -1.34684211e-02, -7.30095059e-03,
       -2.10185000e-03, -3.63359973e-03, -2.72621633e-03,
       -7.98758119e-03, -7.95264728e-03, -1.73487905e-02,
       -1.44618573e-02, -1.56503674e-02, -1.00229234e-02,
       -7.58342817e-03, 7.28406804e-03, 1.23736579e-02, -6.15230249e-03,
       -9.59179178e-03, -1.70167796e-02, -1.48625067e-02,
       -1.43240970e-02, -9.52955242e-03, -6.98192231e-03, 7.18241325e-03,
       1.36106806e-02, 9.89984348e-03, -4.64837858e-03, -5.50012756e-03,
       -1.13942586e-02, -1.47276623e-02, -4.74415626e-03,
       -2.42529111e-03, 2.26586889e-02, 2.63907872e-02, 2.53375284e-02,
       4.02339036e-03, 1.52017153e-03, -4.80140746e-03, -1.45360793e-03,
       5.21794986e-03, 1.06621170e-02, 8.79138336e-03, 8.85417871e-03,
       -3.41918226e-03, -5.67080826e-03, -1.34323202e-02,
       -1.27545418e-02, -1.12719620e-02, -6.81119831e-03,
       -1.94833148e-03, 2.75030686e-03, 2.62525096e-03, -4.41007083e-03,
       -5.23835002e-03, -1.68522485e-02, -1.47719271e-02,
       -1.39265014e-02, -1.00417417e-02, -3.79523123e-03, 1.73879154e-02,
       1.95790008e-02, 1.51567440e-02, 5.72024751e-03, 9.04507411e-04,
       -4.98556998e-03, -1.39243237e-03, 3.48913309e-04, 9.47756507e-03,
       9.65064485e-03, 9.48745850e-03, 1.50324777e-02, 7.73687940e-03,
       -1.40810129e-03, -7.28582637e-03, -5.23409201e-03,
       -2.90059927e-03, 3.18605173e-03, 4.34599910e-03, 2.27713856e-04,
       -1.09691103e-03, -5.23185357e-04, 4.04195255e-03, -7.93864857e-03,
       -4.90653049e-03, -5.36307273e-03, 1.27300329e-03, -1.10749705e-02,
       -9.75500047e-03, -1.07864765e-02, -9.27993469e-03,
       -1.13619026e-02, -1.58498809e-02, -1.57659203e-02,
       -8.99422355e-03, -8.89994856e-03, 5.35586756e-03, 5.22717461e-03,
       1.32910339e-02, 1.41780665e-02, 3.38550732e-02, 3.21198814e-03,
       4.08479944e-03, -4.17736941e-04, 3.88226565e-03, -1.15473559e-02,
       -1.03879562e-02, -1.20273959e-02, -1.27514778e-02,
       -1.54156713e-02, -1.57210231e-02, -1.60278324e-02,
       -1.23135718e-02, -1.06856329e-02, -8.41689669e-03,
       -7.30725657e-03, -9.35336947e-03, -8.44985619e-03,
       -1.48717435e-02, -1.43517805e-02, -1.16180899e-02,
       -9.65936761e-03, -1.14992093e-02, -3.06259468e-03,
       -7.48287057e-05, 5.53649338e-03, -6.17535645e-03, 1.55290440e-02,
       -4.88187606e-03, -8.28359625e-04, 1.70654838e-03, -5.40789217e-03,
       -1.05586797e-02, -1.00280326e-02, -1.14330873e-02,
       -9.47239995e-03, -1.51301334e-02, -1.50851784e-02,
       -1.13588218e-02, -1.02755753e-02, -1.19235544e-02,
       -1.18945353e-02, -1.25993583e-02, -5.04446449e-03,
       -7.19211716e-03, 1.10357096e-02, -1.21130291e-02, -2.52235192e-03,
       1.60285155e-03, -1.10829612e-02, -1.42491830e-03, 1.64576969e-03,
       1.84054126e-03, -7.04808300e-03, -5.37226023e-03, -1.15896016e-02,
       -8.94024782e-03, 1.29226828e-03, -2.94122472e-03, 1.02862446e-02,
       1.72958020e-02, 1.35112423e-02, 2.80530332e-03, -1.98758527e-04,
       -5.01247309e-03, 6.34978712e-03, 1.15692439e-02, 8.99789855e-03,
       -5.57347527e-03, -6.97991252e-03, -3.27763846e-03,
       -5.44602936e-03, -4.53775330e-03, -1.53852217e-02,
       -9.63072572e-03, -1.33970217e-03, -4.34228219e-03, 7.61418650e-03,
       9.99286678e-03, 6.84837392e-03, 7.12432899e-03, 1.18227419e-03,
       -7.14987423e-03, 2.72119395e-03, 1.41358254e-02, 7.24748010e-03,
       5.07112313e-03, 1.01547046e-02, 7.18034571e-03, 2.64943275e-03,
       -3.71727790e-03, -2.88875005e-03, 4.17649793e-03, 6.90113753e-03,
       3.87837109e-03, -2.93979212e-03, -2.40312633e-03, -2.05553020e-03,
       -4.22785385e-03, -8.35647061e-03, -2.79900455e-03,
       -1.33611937e-03, 3.15615069e-03, 3.41336679e-04, 8.83452594e-03,
       6.84477668e-03, 1.18186651e-03, 5.37515944e-03, -9.84993996e-04,
       -3.95527296e-03, 5.78560354e-03, 1.08340206e-02, 8.13326146e-03,
       6.91983383e-04, 8.18709494e-04, -5.40884503e-04, 3.96136846e-03,
       -2.32616416e-03, -1.86806812e-03, 3.86591861e-03, 1.00084627e-02,
       7.84367602e-03, -3.10589536e-03, -2.32117227e-03, -3.16388381e-04,
       -2.54425453e-03, 3.32839740e-03, 1.40068703e-04, 3.58262821e-03,
       4.43548989e-03, 2.74263439e-03, -8.16375855e-03, -8.71082209e-03,
       -1.29053155e-02, -1.41664939e-02, -1.77059751e-02,
       -1.36670917e-02, -1.39199346e-02, -1.13099171e-02,
       -9.64315515e-03, 1.40456976e-02, 1.44746117e-02, 1.18891224e-02,
       1.32064056e-02, 1.54843573e-02, 7.49526825e-03, 1.90530494e-02,
       1.39793288e-02, 2.11347491e-02, -7.38927070e-03, -5.01193153e-03,
       -7.76399300e-03, -9.98158380e-03, -1.33955777e-02,
       -1.37776816e-02, -9.87389963e-03, -8.62437859e-03,
       -7.42581300e-03, -1.33944154e-02, -1.17122084e-02,
       -1.07353805e-02, -9.56150983e-03, -1.26009649e-02,
       -1.23042893e-02, -1.01828864e-02, -9.92644951e-03,
       -1.20795406e-02, -1.52358962e-02, -1.49885472e-02,
       -7.68025313e-03, -1.21413183e-03, 1.62959248e-02, -5.14557213e-03,
       -4.11899877e-04, 1.22443744e-04, -1.42522799e-02, -1.49076367e-02,
       -1.17155658e-02, -1.58235393e-02, -1.39338579e-02,
       -1.49296420e-02, -1.13706738e-02, -1.14468727e-02,
       -9.56848357e-03, -1.37473894e-02, -1.35628199e-02,
       -1.10824406e-02, -1.09844394e-02, 3.01438704e-04, 3.07059335e-03,
       -6.31775940e-03, -1.14544360e-02, -1.25039266e-02,
       -1.64338518e-02, -9.02263634e-03, -9.10478737e-03,
       -4.64594411e-03, -1.86395645e-03, 3.17390077e-03, -9.29248985e-03,
       -7.51850475e-03, -6.95047481e-03, -9.92112607e-03, 5.38669992e-03,
       4.51256940e-03, 2.44562677e-03, 1.33403167e-02, 7.00548058e-03,
       4.31920867e-03, 5.97037328e-03, 2.16209702e-03, 3.41288559e-03,
       -9.37635452e-03, -6.46087853e-03, -6.15803897e-03,
       -8.03759554e-04, 4.60266415e-03, -8.21632799e-03, -6.77708257e-03,
       -8.45988188e-03, -1.12098577e-02, 1.00837802e-04, 5.73012559e-03,
       5.76189859e-03, 1.16019873e-02, 7.68329529e-03, 5.56984451e-03,
       6.69214968e-03, 6.12415082e-04, 1.41072238e-03, 7.15390919e-03,
       2.82910210e-03, 4.75482177e-03, 8.16942006e-03, -2.68751173e-04,
       -4.62019397e-03, 2.32985383e-03, 3.92125547e-03, 7.74488412e-03,
       1.62676885e-03, -1.66047539e-03, 9.19801183e-03, 9.36995912e-03,
       -3.94275133e-03, -6.24235906e-03, -1.05559942e-03, 3.06098722e-03,
       9.74976085e-03, 5.27554378e-03, 5.62091358e-03, 9.87783819e-03,
       5.27494028e-03, -4.88203019e-03, -4.57803067e-03, -2.08916748e-03,
       2.36937427e-03, 8.23515002e-03, 3.77431489e-03, -1.17298122e-03,
       4.80742939e-03, 3.67147918e-03, -7.24668661e-03, -3.83374537e-03,
       -3.37320962e-03, 1.04594241e-04, 9.92735662e-03, 9.01382975e-03,
       4.88840323e-03, 1.12574575e-02, 1.36567140e-02, 9.91028827e-03,
       -1.44258479e-03, 6.98524760e-03, 4.39065276e-03, 1.69691090e-02,
       -9.34438501e-03, -6.56254310e-03, -6.49478100e-03,
       -7.57778250e-03, -1.53437452e-02, -1.51917357e-02,
