%YAML:1.0
---
my_detector: !!opencv-object-detector-hog
   winSize: [ 64, 64 ]
   blockSize: [ 16, 16 ]
   blockStride: [ 8, 8 ]
   cellSize: [ 8, 8 ]
   nbins: 9
   derivAperture: 1
   winSigma: 4.
   histogramNormType: 0
   L2HysThreshold: 2.0000000000000001e-01
   gammaCorrection: 1
   nlevels: 64
   signedGradient: 0
   SVMDetector: [ 4.09069732e-02, 9.16705206e-02, 2.99915019e-02,
       -7.63448467e-03, -1.11434788e-01, -7.00937957e-02,
       -2.34239362e-02, -2.77248882e-02, -6.44499958e-02, 6.58003390e-02,
       9.48204994e-02, -8.69667716e-03, 3.15003283e-03, -4.28998210e-02,
       4.44930559e-03, 1.20329624e-02, -5.14097745e-03, -7.47376978e-02,
       5.27199320e-02, 8.56497064e-02, 8.16069171e-03, 3.76031362e-02,
       -5.84904365e-02, -4.87277955e-02, -8.67473241e-03,
       -9.09310207e-03, -2.64713392e-02, 9.69678015e-02, 8.46183449e-02,
       2.33494584e-03, 3.73309740e-04, -7.63100851e-03, -2.07603676e-03,
       5.75495511e-03, -2.75284667e-02, -4.68696132e-02, 1.12996064e-01,
       1.07040286e-01, 1.59556493e-02, -7.55683891e-03, -2.09654751e-03,
       -7.16059981e-03, 5.11602964e-03, 2.13781046e-03, -3.41078453e-02,
       5.07648215e-02, 8.76604617e-02, 1.23092141e-02, -1.21220537e-02,
       1.83269400e-02, -1.32618705e-02, 3.95858251e-02, 1.18693700e-02,
       -2.19915845e-02, 7.38520250e-02, 6.11375608e-02, -1.14792753e-02,
       -8.75033811e-03, 5.44431154e-03, -2.22485252e-02, -1.93241891e-03,
       -1.52557176e-02, -1.62082072e-02, 4.33488563e-02, 3.96966711e-02,
       -6.48324098e-03, -1.45754600e-02, -9.58349928e-03,
       -3.39677520e-02, 1.35715129e-02, 3.97376111e-03, 1.18571864e-02,
       3.41637549e-03, 7.16804639e-02, 3.58825736e-02, 2.56122984e-02,
       4.95626545e-03, -1.78239588e-02, 4.57209609e-02, 2.74452791e-02,
       -2.02921461e-02, 1.58281680e-02, 4.41684499e-02, 2.65303906e-02,
       2.78478060e-02, -5.95187303e-03, -5.45739522e-03, 2.66805366e-02,
       2.55701621e-03, -2.26337798e-02, 1.59875974e-02, 2.15743179e-03,
       -3.75851872e-03, 8.75967729e-04, 2.96097528e-03, 1.00923683e-02,
       3.00188977e-02, 8.79531261e-03, 3.94111546e-03, -1.19273446e-03,
       -9.06533282e-03, -1.61280036e-02, 4.18219343e-03, 2.92393453e-02,
       2.75360886e-02, 1.15001900e-02, 2.46682763e-03, 3.60181625e-03,
       3.05782147e-02, 8.69626701e-02, 4.99084294e-02, 2.52841078e-02,
       -1.51432594e-02, 1.54205142e-02, 5.20300381e-02, 4.58063260e-02,
       9.03720595e-03, 4.75630630e-03, 3.93332094e-02, -2.21501128e-03,
       -7.30641931e-03, -2.32370514e-02, 7.59550603e-03, 6.13026274e-03,
       1.68599803e-02, 2.24770624e-02, 2.89695617e-03, 5.87257482e-02,
       2.27058232e-02, 1.79599747e-02, 1.78105652e-03, 3.54696810e-02,
       3.18453573e-02, 4.69678603e-02, 2.84060761e-02, -1.99571922e-02,
       2.06392119e-03, -9.16146766e-03, -4.26498381e-03, 1.72609102e-03,
       5.80829978e-02, -1.25750061e-02, 4.87382896e-03, -1.48913506e-02,
       -4.15438320e-03, 4.91412915e-02, -7.15308997e-05, -3.00953136e-04,
       6.56116102e-03, 1.25055620e-02, 8.96472018e-03, 5.08327149e-02,
       3.72650735e-02, 2.10874551e-03, 1.47594120e-02, -7.16772629e-03,
       -1.10477461e-02, 1.68241505e-02, 1.52119878e-03, 5.26693300e-04,
       3.11928019e-02, 1.59209296e-02, -5.24128973e-02, -1.55531727e-02,
       -1.85152739e-02, 2.09407676e-02, 4.98935813e-03, 3.45010273e-02,
       -3.03015336e-02, -4.47955728e-03, -1.92137789e-02,
       -3.24522108e-02, -2.35301163e-02, -1.77290607e-02, 4.05309796e-02,
       2.73426902e-02, 6.18137754e-02, -2.48729382e-02, -2.59519555e-03,
       -1.82468258e-02, 5.73036112e-02, 1.06561193e-02, -8.07154365e-03,
       3.01446170e-02, -3.23608704e-02, -4.31624167e-02, -3.30517977e-03,
       1.77414827e-02, 3.37990522e-02, 1.62664533e-01, 1.16504058e-01,
       6.10252544e-02, 8.16313252e-02, -6.64036572e-02, -4.64288071e-02,
       -2.32246350e-02, 2.90047191e-03, 4.99205180e-02, 1.45924476e-03,
       -2.64444016e-02, -3.58127095e-02, 3.99522707e-02, 1.87874008e-02,
       4.39288840e-02, -1.79681070e-02, -2.12875176e-02, -3.77209187e-02,
       5.24888560e-02, 3.75190489e-02, 2.73097735e-02, 9.09851491e-02,
       -2.58410685e-02, 5.99513575e-02, 1.63107459e-02, 2.70899702e-02,
       -1.76456515e-02, 1.22657485e-01, 4.72554378e-02, -2.30397051e-03,
       -4.31117117e-02, -3.24068777e-02, 2.41145166e-03, -2.33353581e-02,
       -1.20235886e-02, 2.75817998e-02, -1.42178554e-02, -3.17030102e-02,
       -5.26515916e-02, -9.95442644e-02, 8.09242353e-02, 1.64730161e-01,
       -2.02291943e-02, 1.58623476e-02, -4.41208780e-02, 7.90048987e-02,
       4.16718200e-02, 2.81732306e-02, 4.61131008e-03, 7.45974947e-03,
       5.40091544e-02, 8.92686564e-03, 4.27072570e-02, 2.53663715e-02,
       3.06468494e-02, 4.43670824e-02, 1.72405746e-02, 2.01363005e-02,
       9.86057669e-02, 1.72655597e-01, -1.31318485e-02, 5.38944528e-02,
       2.21128259e-02, -2.95094214e-04, 3.99185009e-02, -2.46856231e-02,
       1.26097396e-01, 4.33246791e-02, -5.14036454e-02, -9.38631780e-03,
       -1.25468448e-02, -5.87105528e-02, 4.86017540e-02, 5.73827773e-02,
       -5.27175292e-02, -5.97240683e-03, -4.08233218e-02,
       -1.32156191e-02, -6.46810187e-03, -3.82873006e-02,
       -8.34370181e-02, -1.31373750e-02, 1.16009666e-02, -4.68799472e-02,
       9.14321467e-02, 3.67611945e-02, -9.00068507e-02, -3.89517881e-02,
       -2.33843829e-02, -6.03749715e-02, 2.11666487e-02, 2.90528368e-02,
       -2.84384247e-02, 2.64571281e-03, -2.62432508e-02, -5.39488671e-03,
       -3.29778239e-04, -4.62517049e-03, -6.91788122e-02, 5.97608648e-02,
       3.74462157e-02, -6.14935383e-02, 1.84713528e-02, -1.17568988e-02,
       9.93567985e-04, -2.54041376e-03, -8.99161398e-03, -2.75825299e-02,
       7.38431979e-03, 6.57527102e-03, -2.22550407e-02, 5.16773425e-02,
       6.93816412e-03, -7.44616194e-03, -1.39409695e-02, -2.37565096e-02,
       -4.05856147e-02, 3.71378437e-02, 3.19774151e-02, -4.47990522e-02,
       -1.60334408e-02, -2.76592113e-02, -3.90011049e-03, 1.17473528e-02,
       3.53368670e-02, -1.50682153e-02, 3.62746185e-03, 4.11967281e-03,
       1.48671614e-02, 1.16364239e-02, -2.31559779e-02, -1.95138494e-03,
       -2.79918443e-02, 4.88015916e-03, -2.83954702e-02, -2.61700246e-02,
       -2.09237449e-02, -1.71359666e-02, 1.56582780e-02, 1.57772191e-02,
       2.64655165e-02, 1.52789308e-02, 1.49077624e-02, -6.15054742e-03,
       -1.84351839e-02, 5.86057873e-03, -4.16120663e-02, 1.73472036e-02,
       2.10720603e-03, 3.84704722e-03, -1.81094594e-02, 2.09851414e-02,
       -1.04560133e-03, -1.83706433e-02, -1.25627527e-02,
       -3.71603644e-03, -1.00257888e-03, -1.68321989e-02, 5.23441285e-03,
       -6.72240788e-03, 1.85778756e-02, -9.08956677e-03, 4.74292785e-04,
       -1.42523069e-02, -2.59828940e-02, 2.95349844e-02, -1.31797800e-02,
       2.45987847e-02, 4.17751668e-04, 3.51467244e-02, 1.78806612e-03,
       -2.01219544e-02, 4.26076241e-02, -1.90301836e-02, -1.90147199e-02,
       2.99440394e-03, 1.71445720e-02, 2.12282259e-02, 3.71298864e-02,
       4.18900838e-03, -3.42114829e-02, -4.11786512e-03, -1.95896998e-02,
       -1.94307100e-02, 2.28768680e-03, 2.49175429e-02, 7.46542681e-03,
       2.83720368e-03, -1.69958230e-02, 2.28156522e-02, 2.36729980e-02,
       1.34435305e-02, 2.23562531e-02, -1.21400389e-03, 2.41201352e-02,
       3.00986543e-02, 4.72137369e-02, 1.29659176e-02, 2.07680985e-02,
       -1.54750329e-02, 2.06072954e-03, 4.69301268e-02, -2.93077715e-02,
       5.39168231e-02, 1.86145511e-02, 3.52508277e-02, 4.05574888e-02,
       -3.77126634e-02, -1.81216355e-02, -2.52342597e-02,
       -3.18709016e-02, 3.09230797e-02, -1.64853111e-02, -2.69248206e-02,
       7.01736799e-03, -3.84151237e-03, -1.24724861e-02, -4.86259302e-03,
       -1.52775450e-02, -1.38730211e-02, 9.61997639e-03, -2.21224278e-02,
